# FAJNE PARAMETRY
# {'alpha': -0.5502103593764673, 'mu': 0.6915052784410058, 'gamma': 0.5784962839255214 + 0.5108874980348869, 'p': 4.010755401427479, 's': 1.6773485833457182}
# {'alpha': 1.2784327077565871, 'mu': -0.009198275202455308, 'gamma': 1.3066666741719266, 'p': 0.8194350668953788, 's': 0.845652967001836}
# {'alpha': -1.6545026753188203, 'mu': 0.2663167113878475, 'gamma': 1.8199676577124784, 'p': 2.644263331982729, 's': 1.0641127893623232}      ----- should be stable, is periodic  
# {'alpha': array([-1.94230379]), 'mu': array([0.48817834]), 'gamma': array([1.31694323]), 'p': array([2.82064317]), 's': array([0.53079657])}


# COMMON
INIT_XYZ = [0.1, 0.0, 0.0]
DT = 0.01
T_SKIP = 500
T_END = 1000
CUTOFF = 1.0e6
BATCH_SIZE = 12000

# GRAPH
SIZE = 1

# SPACE
SIM_NUM = 500000
PRINT_EVERY = 500
RANDOM_STATE = 1
FILENAME = "sim_results_space.txt"

# UMAP PARAMETERS:
N_NEIGHBORS = 15 # n_neighbors controls how UMAP balances local vs global structure.
MIN_DIST = 0.1 # min_dist controls how tightly points are packed together.

# RANDOM FOREST PARAMETERS:
TEST_SIZE = 0.2
N_ESTIMATORS = 100 

# FITTER
SPREAD = 0.025
POPSIZE = 100

# =========================================================================== 
# =========================================================================== 

[[SAVED_PARAMS]] # State: OPTIMIZED_FIT_ERR_0.2272337712409655
alpha = -0.10276702467510512
mu = 0.4666727753043176
gamma = 0.5144747301222885
p = 4.881060202253606
s = 3.6977158924559808


[[SAVED_STAR_PARAMS]] # State: OPTIMIZED_FIT_ERR_0.2377008976136949
alpha = -0.09658546869137141
mu = 0.48904594678859326
gamma = 0.7870425883819281
p = 4.341788826201782
s = 3.155157790965883


[[SAVED_PARAMS]] # State: OPTIMIZED_FIT_ERR_0.2377008976136949
alpha = -0.09658546869137141
mu = 0.48904594678859326
gamma = 0.7870425883819281
p = 4.341788826201782

s = 3.155157790965883
[[SAVED_PARAMS]] # State: OPTIMIZED_FIT_ERR_2.1641038121397607
alpha = -0.21077146284683534
mu = 0.6126296536974833
gamma = 1.5165434261129198
p = 4.1730301946048005
s = 2.451757854247865

[[SAVED_STAR_PARAMS]] # State: OPTIMIZED_FIT_ERR_2.1641038121397607
alpha = -0.21077146284683534
mu = 0.6126296536974833
gamma = 1.5165434261129198
p = 4.1730301946048005
s = 2.451757854247865


[[SAVED_STAR_PARAMS]] # TARGET: OGLE-LMC-RRLYR-00002
alpha = -1.015032375561126
mu = 1.2287982365926533
gamma = 2.9750482728813124
p = 4.827044521249594
s = 0.12661120683697846


[[SAVED_STAR_PARAMS]] # TARGET: OGLE-LMC-RRLYR-00002 | TOP 0 | DIST: 0.6711631694305046
alpha = -1.135403855003613
mu = 1.1655700163348008
gamma = 3.4240147683679383
p = 4.715895383370838
s = 3.5941942968042815



[[SAVED_PARAMS]] # State: OPTIMIZED_FIT_ERR_0.2272337712409655
alpha = -0.10276702467510512
mu = 0.4666727753043176
gamma = 0.5144747301222885
p = 4.881060202253606
s = 3.6977158924559808
