# FAJNE PARAMETRY
# {'alpha': -0.5502103593764673, 'mu': 0.6915052784410058, 'gamma': 0.5784962839255214 + 0.5108874980348869, 'p': 4.010755401427479, 's': 1.6773485833457182}
# {'alpha': 1.2784327077565871, 'mu': -0.009198275202455308, 'gamma': 1.3066666741719266, 'p': 0.8194350668953788, 's': 0.845652967001836}
# {'alpha': -1.6545026753188203, 'mu': 0.2663167113878475, 'gamma': 1.8199676577124784, 'p': 2.644263331982729, 's': 1.0641127893623232}      ----- should be stable, is periodic  
# {'alpha': array([-1.94230379]), 'mu': array([0.48817834]), 'gamma': array([1.31694323]), 'p': array([2.82064317]), 's': array([0.53079657])}


# COMMON
INIT_XYZ = [0.1, 0.0, 0.0]
DT = 0.01
T_SKIP = 100
T_END = 1000
CUTOFF = 1.0e6


# GRAPH
SIZE = 1

# SPACE
SIM_NUM = 10000
PRINT_EVERY = 50
RANDOM_STATE = 1


# UMAP PARAMETERS:
N_NEIGHBORS = 15 # n_neighbors controls how UMAP balances local vs global structure.
MIN_DIST = 0.1 # min_dist controls how tightly points are packed together.


# RANDOM FOREST PARAMETERS:
TEST_SIZE = 0.2
N_ESTIMATORS = 100 

[[SAVED_PARAMS]] # State: CHAOTIC
alpha = -0.4501065982693686
mu = 0.7268115270139197
gamma = 0.6481575437278575
p = 4.713059672597845
s = 0.5704551233765999

[[SAVED_PARAMS]] # State: PERIODIC
alpha = -0.5760974327654318
mu = 0.7801902414644828
gamma = 0.2611073978302913
p = 3.924896011690087
s = 0.5656007436163983

[[SAVED_PARAMS]] # State: CHAOTIC
alpha = -1.0094164302034807
mu = 0.7805001178686732
gamma = 1.6909687196777305
p = 4.883777291584143
s = 0.83229205766931

[[SAVED_PARAMS]] # State: QUASI_PERIODIC
alpha = -0.3183100731241968
mu = 0.9623634327205957
gamma = 0.8577005940312759
p = 4.098676893575987
s = 0.7229774366851818

[[SAVED_PARAMS]] # State: STABLE
alpha = -1.9349842780643383
mu = 0.26974713098610525
gamma = 1.779159654650056
p = 3.8710479410438783
s = 0.8313850792376561

[[SAVED_PARAMS]] # State: PERIODIC
alpha = -0.9074201219169624
mu = 0.9822234009936082
gamma = 0.9530904380828229
p = 4.248292437483126
s = 0.6714403537062641
