# FAJNE PARAMETRY
# {'alpha': -0.5502103593764673, 'mu': 0.6915052784410058, 'gamma': 0.5784962839255214 + 0.5108874980348869, 'p': 4.010755401427479, 's': 1.6773485833457182}
# {'alpha': 1.2784327077565871, 'mu': -0.009198275202455308, 'gamma': 1.3066666741719266, 'p': 0.8194350668953788, 's': 0.845652967001836}
# {'alpha': -1.6545026753188203, 'mu': 0.2663167113878475, 'gamma': 1.8199676577124784, 'p': 2.644263331982729, 's': 1.0641127893623232}      ----- should be stable, is periodic  
# {'alpha': array([-1.94230379]), 'mu': array([0.48817834]), 'gamma': array([1.31694323]), 'p': array([2.82064317]), 's': array([0.53079657])}


# COMMON
INIT_XYZ = [0.1, 0.0, 0.0]
DT = 0.01
T_SKIP = 100
T_END = 1000
CUTOFF = 1.0e6
BATCH_SIZE = 5000

# GRAPH
SIZE = 1

# SPACE
SIM_NUM = 100000
PRINT_EVERY = 100
RANDOM_STATE = 1


# UMAP PARAMETERS:
N_NEIGHBORS = 15 # n_neighbors controls how UMAP balances local vs global structure.
MIN_DIST = 0.1 # min_dist controls how tightly points are packed together.


# RANDOM FOREST PARAMETERS:
TEST_SIZE = 0.2
N_ESTIMATORS = 100 


[[SAVED_PARAMS]] # State: PERIODIC
alpha = -1.0504273533858308
mu = 0.4949632617859352
gamma = 0.835190805217697
p = 4.007092479454262
s = 0.5026779768637861

[[SAVED_PARAMS]] # State: PERIODIC
alpha = -1.0504273533858308
mu = 0.4949632617859352
gamma = 0.835190805217697
p = 4.007092479454262
s = 0.5026779768637861

[[SAVED_PARAMS]] # State: CHAOTIC
alpha = -0.5184268201429956
mu = 0.4599675411849642
gamma = 0.4554308294912114
p = 4.475361622269886
s = 0.5163723227771215

[[SAVED_PARAMS]] # State: CHAOTIC
alpha = -0.37500058283172244
mu = 0.6132887452091236
gamma = 0.3450543966516608
p = 4.0373302027884135
s = 1.1055142632038417

[[SAVED_PARAMS]] # State: STABLE
alpha = -1.8199499860401867
mu = -0.7249462116019236
gamma = 0.38240259227634965
p = 2.228309064020282
s = 0.9984313515216412

[[SAVED_PARAMS]] # State: CHAOTIC
alpha = -0.3086020779201317
mu = 0.5169643765840777
gamma = 0.3319857608291325
p = 3.9708989871342593
s = 1.1449471957526667

[[SAVED_PARAMS]] # State: CHAOTIC
alpha = -0.18725734984289932
mu = 0.6915260727994212
gamma = 1.0259223241608997
p = 2.4730551133214282
s = 1.142806563372789

[[SAVED_PARAMS]] # State: CHAOTIC
alpha = -0.17394903461721611
mu = 0.6205518564975039
gamma = 0.8693181185235302
p = 2.7306695544092303
s = 1.1678755948085322

[[SAVED_PARAMS]] # State: CHAOTIC
alpha = -0.20673466883666247
mu = 0.6006369216680933
gamma = 1.024169528022047
p = 2.4432847449788713
s = 1.1552208369509867

[[SAVED_PARAMS]] # State: CHAOTIC
alpha = -0.2632935951476685
mu = 0.5809368926644649
gamma = 0.8597632057336374
p = 2.628312209357287
s = 1.0958519722522517

[[SAVED_PARAMS]] # State: PERIODIC
alpha = -0.5530528992741885
mu = 0.513110766656623
gamma = 0.6684225316822981
p = 2.325771309041134
s = 1.2087316295444905

[[SAVED_PARAMS]] # State: STABLE
alpha = -0.9953685174031026
mu = -0.029310587209807393
gamma = 0.21137094740161155
p = 1.909973488516223
s = 1.1336434136009759
