# FAJNE PARAMETRY
# {'alpha': -0.5502103593764673, 'mu': 0.6915052784410058, 'gamma': 0.5784962839255214 + 0.5108874980348869, 'p': 4.010755401427479, 's': 1.6773485833457182}
# {'alpha': 1.2784327077565871, 'mu': -0.009198275202455308, 'gamma': 1.3066666741719266, 'p': 0.8194350668953788, 's': 0.845652967001836}
# {'alpha': -1.6545026753188203, 'mu': 0.2663167113878475, 'gamma': 1.8199676577124784, 'p': 2.644263331982729, 's': 1.0641127893623232}      ----- should be stable, is periodic  
# {'alpha': array([-1.94230379]), 'mu': array([0.48817834]), 'gamma': array([1.31694323]), 'p': array([2.82064317]), 's': array([0.53079657])}


# COMMON
INIT_XYZ = [0.1, 0.0, 0.0]
DT = 0.01
T_SKIP = 100
T_END = 1000
CUTOFF = 1.0e6
BATCH_SIZE = 8000

# GRAPH
SIZE = 1

# SPACE
SIM_NUM = 100000
PRINT_EVERY = 100
RANDOM_STATE = 1
FILENAME = "sim_results_space.txt"


# UMAP PARAMETERS:
N_NEIGHBORS = 15 # n_neighbors controls how UMAP balances local vs global structure.
MIN_DIST = 0.1 # min_dist controls how tightly points are packed together.


# RANDOM FOREST PARAMETERS:
TEST_SIZE = 0.2
N_ESTIMATORS = 100 

[[SAVED_PARAMS]] 
alpha = -1.462770
mu = 0.679986
gamma = 2.994940
p = 0.344294
s = 1.700478

[[SAVED_PARAMS]] 
alpha = -1.175821
mu = 0.978473
gamma = 1.268668
p = 1.808039
s = 0.845807


[[SAVED_PARAMS]] # State: BEST_BRUTE_FORCE_FIT (Dist: 0.0011)
alpha = -0.5554627888918797
mu = 0.8720849333649638
gamma = 1.1135470709525601
p = 3.4597373632272044
s = 1.2725570430919064



[[SAVED_PARAMS]] # State: BEST_BRUTE_FORCE_FIT (Dist: 0.0010)
alpha = -1.3026938962639432
mu = 0.3572222161979832
gamma = 0.1441504697762074
p = 1.8541753258520393
s = 1.0427325020824332